60103
60824
60828
61363
61364
61365
61366
61411
61412
61473
61474
61475
61477
61478
61479
61480
61481
61499
61537
61538
61539
61540
61541
61547
61551
61552
61553
61898
62475
62476
62859
63572
63894
63911
63919
63921
63929
64064
64079
64080
64081
64082
64083
64084
64085
64086
64087
64095
64096
64098
64107
64142
64370
64371
65112
65113
65114
65362
65597
65612
65619
65657
65658
65692
65693
65695
65700
65702
65704
65715
65729
65730
65744
65780
65781
65782
65785
65944
65945
65946
65947
65949
65984
66515
67373
67374
67375
67377
67378
67379
67380
67381
67382
67408
67455
67461
67462
67476
67477
67478
67479
67480
67481
67482
67483
67484
67485
67491
67520
67523
67525
67526
67527
67528
67529
67530
67531
67532
67538
67539
67540
67547
67572
67700
67980
68041
68043
68069
68074
68648
68719
68776
68782
68785
68786
68788
68790
68844
70141
70144
70145
70146
70258
70423
70590
70591
70603
70643
70683
70684
70686
70687
70700
70701
70702
70706
70707
70708
70709
70710
70711
70758
70982
70983
70984
72094
72121
72215
72232
72277
72278
72279
72288
72289
72290
72291
72293
72318
72339
72340
72361
72362
72363
72364
72370
72371
72381
72416
72436
72513
72526
72537
72549
72550
72551
72553
72567
72592
72619
72853
73072
73074
73232
73233
73250
73284
73285
73287
73289
73459
73460
73461
73463
73464
73466
73491
73630
73829
74958
74959
74960
74961
74962
75079
75093
75095
75110
75111
75112
75123
75142
75289
75471
75472
75473
75474
75475
75476
75665
75666
75667
75668
75669
75709
75710
75748
75749
75750
75751
75752
75753
75754
75755
75756
75771
75773
75851
75852
75853
75857
75952
76011
76066
76067
76068
76397
76731
76732
76733
76734
76735
77370
77993
78052
78734
79685
79689
79960
80208
80209
80246
80247
80248
80337
80391
80392
80393
80395
80396
80518
80519
80520
80521
80583
80684
80709
80844
80846
81012
81015
81056
81057
81116
81155
81157
81158
81245
81246
81247
81248
81651
81652
81679
82846
83421
83446
83447
83448
83449
83450
83451
83452
83456
83457
83458
83459
83466
83467
83468
83477
83478
83479
83480
83545
83589
83590
83591
83592
83613
83642
83643
83645
83653
83674
83721
83722
83723
83741
83742
83743
83744
83755
83756
83757
83758
83759
83764
83782
83800
83802
83803
83804
83805
83843
83844
83845
83846
83847
83848
83877
83920
83988
83989
83990
84023
84027
84114
84115
84116
84117
84637
84847
84848
84849
85518
85706
85712
85718
85881
85882
85884
85885
85886
86084
86085
86086
86087
86114
86115
86116
86117
86133
86147
86148
86149
86150
86228
86229
86230
86234
86235
86236
86237
86255
86256
86257
86258
86260
86261
86262
86268
86283
86284
86285
86286
86287
86296
86297
86298
86299
86309
86310
86350
86383
86384
86385
86386
86387
86388
86389
86395
86397
86398
86399
86400
86417
86418
86450
86451
86452
86516
86517
86518
86519
86520
86525
86526
86527
86539
86540
86541
86542
86543
86545
86558
86559
86583
86604
86605
86606
86615
86616
86617
86618
86619
86620
86621
86622
86630
86631
86632
86634
86635
86636
86637
86638
86639
86665
86667
86668
86669
86670
86694
86722
86723
86724
86725
86764
86802
86803
86897
86898
86928
86954
87076
87077
87078
87079
87113
87114
87115
87116
87204
87807
87811
87816
87916
87977
88027
88036
88042
88165
88166
88167
88168
88169
88170
88171
88172
88173
88174
88205
88229
88230
88277
88292
88320
88322
88325
88326
88327
88328
88329
88330
88347
88348
88349
88354
88355
88358
88359
88367
88368
88369
88370
88394
88402
88405
88566
88597
88628
88852
88853
88854
88855
88955
89028
89029
89030
89031
89035
89036
89037
89038
89048
89049
89050
89051
89105
89151
89152
89159
89160
89161
89310
89311
89313
89346
89348
89355
89356
89366
89367
89368
89369
89373
89383
89389
89391
89472
89584
89585
89587
89602
89603
89634
89867
89868
90111
90112
90113
90114
90115
90116
90117
90119
90120
90121
90124
90126
90127
90128
90136
90138
90140
90143
90241
90242
90243
90244
90245
90246
90247
90248
90249
90250
90251
90252
90253
90254
90255
90257
90259
90260
90261
90262
90263
90264
90265
90266
90267
90268
90269
90270
90271
90272
90273
90274
90275
90276
90277
90278
90279
90280
90281
90282
90285
90286
90287
90288
90289
90290
90291
90292
90293
90294
90295
90296
90297
90298
90299
90300
90301
90302
90303
90304
90308
90309
90310
90311
90312
90313
90314
90315
90316
90317
90319
90320
90321
90322
90326
90327
90328
90329
90330
90331
90332
90355
90356
90357
90358
90359
90362
90375
90376
90377
90407
90408
90409
90410
90411
90412
90413
90414
90415
90416
90417
90418
90419
90422
90423
90424
90425
90426
90427
90428
90429
90430
90431
90432
90433
90434
90435
90437
90438
90439
90441
90443
90447
90448
90449
90450
90451
90455
90465
90466
90467
90468
90469
90485
90486
90491
90492
90493
90494
90495
90503
90504
90507
90509
90510
90511
90512
90513
90514
90515
90516
90517
90519
90520
90521
90522
90523
90524
90528
90529
90530
90531
90532
90533
90534
90538
90552
90553
90555
90556
90562
90563
90564
90565
90566
90567
90568
90569
90570
90571
90572
90573
90574
90575
90576
90577
90578
90579
90588
90589
90590
90591
90592
90593
90594
90595
90596
90597
90598
90599
90600
90601
90602
90603
90604
90605
90610
90611
90612
90613
90617
90618
90619
90622
90623
90624
90625
90626
90627
90628
90629
90630
90631
90634
90635
90637
90638
90639
90640
90641
90642
90643
90644
90645
90646
90647
90648
90662
90663
90673
90674
90683
90684
90691
90692
90693
90694
90696
90697
90708
90709
90710
90716
90717
90718
90719
90758
90759
90760
90761
90766
90767
90768
90769
90770
90771
90772
90783
90785
90786
90787
90802
90803
90804
90805
90812
90826
90827
90828
90829
90830
90831
90832
90834
90835
90836
90837
90840
90841
90842
90843
90870
90871
90873
90894
90895
90896
91045
91046
91069
91071
91073
91074
91075
91076
91388
91389
91394
91395
91397
91422
91424
91436
91437
91438
91469
91470
91478
91517
91561
91562
91563
91593
91594
91595
91596
91623
91624
91629
91630
91631
91632
91633
91659
91661
91662
91663
91664
91665
91666
91697
91790
91809
91812
91813
91814
91815
91849
91850
91852
91853
91854
91855
91856
91857
91858
91859
91860
91991
92238
92239
92240
92241
92242
92243
92388
92389
92390
92399
92414
92507
92508
92509
92513
92514
92515
92517
92518
92528
92565
92567
92714
92715
92716
92717
92729
92730
92731
92732
92733
92863
93093
93094
93098
93099
99073
